75
4 21
5 21
5 20
6 20
6 19
6 18
7 18
7 17
7 16
7 15
7 14
7 13
7 12
7 11
7 10
7 9
10 10
10 11
11 11
11 12
9 14
9 15
10 15
9 21
9 22
10 22
12 6
13 6
14 6
15 6
13 7
13 8
13 9
13 10
13 11
13 12
13 13
13 14
13 15
13 16
13 17
13 18
13 19
13 20
13 21
13 22
13 23
13 24
13 25
13 26
14 25
17 8
17 9
17 10
17 11
17 12
17 13
17 14
17 15
17 16
17 17
17 18
17 19
17 20
17 21
17 22
17 23
17 24
14 14
15 13
16 13
18 11
19 10
20 10
20 9
21 8
22 8
22 7
23 7
23 6
19 13
19 14
19 15
19 16
19 17
19 18
18 19
19 19
20 19
20 18
21 18
21 17
22 17
22 16
23 15
24 14
24 13
25 13
25 12
25 11
25 10
22 12
22 13
22 14
23 14
24 15
24 16
25 16
25 17
25 18
25 19
26 20
26 21
26 22
26 23
8 38
8 39
9 39
13 35
13 36
13 37
12 38
12 39
13 39
14 39
15 39
16 39
17 38
18 38
19 38
20 38
21 38
22 38
22 37
23 37
24 37
25 37
26 38
25 38
25 39
24 40
10 42
10 43
10 44
10 45
10 46
10 47
10 48
10 49
10 50
10 51
9 52
9 53
9 54
9 55
9 56
9 57
9 58
7 45
8 45
9 45
11 45
12 45
13 45
14 45
5 52
6 52
7 52
8 52
10 52
11 52
12 52
13 52
14 51
18 42
18 44
18 45
18 46
18 47
18 48
18 49
18 50
18 51
17 52
17 53
17 54
17 55
17 56
17 57
14 49
15 49
16 48
17 48
17 47
19 47
20 46
21 46
21 45
22 45
22 44
23 44
24 43
24 42
25 42
21 47
22 47
23 47
24 47
25 47
26 47
21 48
21 49
21 50
21 51
21 52
21 53
20 54
21 54
22 54
22 53
23 53
23 52
24 52
24 51
25 51
25 50
25 49
25 48
38 7
39 7
39 8
39 9
39 10
39 11
39 12
39 14
39 15
39 17
39 18
39 20
39 21
38 21
38 22
38 23
40 12
41 12
42 12
43 12
44 12
45 12
46 12
47 12
48 12
49 12
50 12
51 12
40 17
41 17
42 17
43 17
45 17
46 17
47 17
48 17
49 17
50 17
51 17
52 17
53 17
54 17
55 17
56 17
57 17
58 17
59 17
60 17
61 17
61 16
46 13
46 14
46 16
45 16
48 13
48 14
48 15
54 8
54 9
54 10
53 11
53 12
53 13
52 13
52 14
52 15
51 16
51 18
38 24
38 25
39 25
39 26
40 26
39 30
40 29
40 28
41 28
41 27
44 22
44 23
44 25
43 26
43 27
43 28
43 29
43 30
42 31
42 32
50 20
50 21
50 22
50 23
50 24
50 26
49 27
49 28
49 29
49 30
49 32
48 33
48 34
45 27
46 27
47 27
48 27
48 26
49 26
51 25
52 25
53 25
53 24
54 24
55 24
56 23
57 23
57 22
58 22
59 22
51 26
52 26
53 27
54 27
55 28
56 28
56 29
57 29
57 30
58 30
58 31
59 32
59 33
35 44
36 44
37 44
38 44
39 44
40 44
41 44
41 43
42 43
43 43
44 43
36 45
35 46
35 47
35 48
36 48
37 48
38 48
39 47
40 47
41 47
42 47
43 46
44 46
45 46
46 46
42 44
42 46
45 43
45 44
44 45
41 45
40 46
35 50
36 51
37 51
38 51
39 51
40 51
40 50
41 50
42 50
43 50
44 50
44 49
45 49
46 49
46 48
36 52
36 53
35 54
36 54
37 54
38 54
39 54
40 54
41 54
42 54
43 54
44 54
44 53
45 53
46 53
47 53
48 53
47 52
46 52
41 51
41 52
41 53
43 51
43 52
43 53
49 41
49 42
50 42
51 42
51 43
52 43
53 43
54 43
55 43
56 43
50 43
50 44
50 47
50 49
50 51
50 52
50 53
49 54
49 55
49 56
49 57
50 56
51 56
52 55
53 55
54 54
55 54
55 53
50 45
50 46
50 48
50 50
50 54
50 55
51 47
52 47
53 47
54 47
55 47
51 51
52 51
53 51
53 50
54 50
55 50
56 39
56 40
56 41
56 42
56 44
56 45
56 46
56 47
56 48
56 49
56 50
56 51
56 52
56 53
56 54
56 55
56 56
56 57
56 58
56 59
56 60
0 21
2 21
3 21
1 21
30 32
29 31
28 31
28 30
28 29
27 29
27 28
28 27
29 27
29 26
30 26
31 26
32 26
32 27
33 27
34 27
34 28
35 28
35 29
35 30
36 30
36 31
37 31
37 32
37 33
37 34
37 35
36 35
35 35
34 35
34 36
33 36
32 36
31 37
30 37
29 37
28 37
27 37
27 36
27 35
27 34
28 34
29 33
30 33
0 31
1 31
2 31
3 31
4 31
5 31
6 31
7 31
8 31
9 31
10 31
11 31
12 31
13 31
14 31
15 31
16 31
17 31
18 31
19 31
20 31
21 31
22 31
23 31
24 31
25 31
26 31
27 31
28 28
31 36
29 34